time	V(n001)
0.00000000e+00	0.00000000e+00
2.00000000e-04	3.55930502e-02
4.00000000e-04	7.12414661e-02
6.00000000e-04	1.06803307e-01
8.00000000e-04	1.42136146e-01
1.00000000e-03	1.77097642e-01
1.20000000e-03	2.11546114e-01
1.40000000e-03	2.45341119e-01
1.60000000e-03	2.78344031e-01
1.80000000e-03	3.10418609e-01
2.00000000e-03	3.41431565e-01
2.20000000e-03	3.71253123e-01
2.40000000e-03	3.99757566e-01
2.60000000e-03	4.26823772e-01
2.80000000e-03	4.52335733e-01
3.00000000e-03	4.76183053e-01
3.20000000e-03	4.98261437e-01
3.40000000e-03	5.18473145e-01
3.60000000e-03	5.36727432e-01
3.80000000e-03	5.52940956e-01
4.00000000e-03	5.67038161e-01
4.20000000e-03	5.78951630e-01
4.40000000e-03	5.88622406e-01
4.60000000e-03	5.96000281e-01
4.80000000e-03	6.01044050e-01
5.00000000e-03	6.03721729e-01
5.20000000e-03	6.04010737e-01
5.40000000e-03	6.01898042e-01
5.60000000e-03	5.97380264e-01
5.80000000e-03	5.90463743e-01
6.00000000e-03	5.81164563e-01
6.20000000e-03	5.69508544e-01
6.40000000e-03	5.55531181e-01
6.60000000e-03	5.39277554e-01
6.80000000e-03	5.20802192e-01
7.00000000e-03	5.00168900e-01
7.20000000e-03	4.77450543e-01
7.40000000e-03	4.52728792e-01
7.60000000e-03	4.26093838e-01
7.80000000e-03	3.97644062e-01
8.00000000e-03	3.67485668e-01
8.20000000e-03	3.35732294e-01
8.40000000e-03	3.02504571e-01
8.60000000e-03	2.67929670e-01
8.80000000e-03	2.32140803e-01
9.00000000e-03	1.95276712e-01
9.20000000e-03	1.57481115e-01
9.40000000e-03	1.18902144e-01
9.60000000e-03	7.96917563e-02
9.80000000e-03	4.00051212e-02
1.00000000e-02	3.61682608e-16
1.02000000e-02	-4.01638936e-02
1.04000000e-02	-8.03255427e-02
1.06000000e-02	-1.20323285e-01
1.08000000e-02	-1.59995475e-01
1.10000000e-02	-1.99181153e-01
1.12000000e-02	-2.37720709e-01
1.14000000e-02	-2.75456545e-01
1.16000000e-02	-3.12233737e-01
1.18000000e-02	-3.47900682e-01
1.20000000e-02	-3.82309737e-01
1.22000000e-02	-4.15317844e-01
1.24000000e-02	-4.46787138e-01
1.26000000e-02	-4.76585533e-01
1.28000000e-02	-5.04587295e-01
1.30000000e-02	-5.30673576e-01
1.32000000e-02	-5.54732938e-01
1.34000000e-02	-5.76661835e-01
1.36000000e-02	-5.96365067e-01
1.38000000e-02	-6.13756208e-01
1.40000000e-02	-6.28757986e-01
1.42000000e-02	-6.41302638e-01
1.44000000e-02	-6.51332218e-01
1.46000000e-02	-6.58798870e-01
1.48000000e-02	-6.63665059e-01
1.50000000e-02	-6.65903753e-01
1.52000000e-02	-6.65498572e-01
1.54000000e-02	-6.62443887e-01
1.56000000e-02	-6.56744872e-01
1.58000000e-02	-6.48417515e-01
1.60000000e-02	-6.37488583e-01
1.62000000e-02	-6.23995540e-01
1.64000000e-02	-6.07986423e-01
1.66000000e-02	-5.89519666e-01
1.68000000e-02	-5.68663891e-01
1.70000000e-02	-5.45497645e-01
1.72000000e-02	-5.20109101e-01
1.74000000e-02	-4.92595716e-01
1.76000000e-02	-4.63063849e-01
1.78000000e-02	-4.31628342e-01
1.80000000e-02	-3.98412059e-01
1.82000000e-02	-3.63545399e-01
1.84000000e-02	-3.27165771e-01
1.86000000e-02	-2.89417037e-01
1.88000000e-02	-2.50448927e-01
1.90000000e-02	-2.10416436e-01
1.92000000e-02	-1.69479187e-01
1.94000000e-02	-1.27800777e-01
1.96000000e-02	-8.55481092e-02
1.98000000e-02	-4.28907034e-02
2.00000000e-02	-1.12310711e-15
2.02000000e-02	6.22794562e-02
2.04000000e-02	1.24395781e-01
2.06000000e-02	1.86098227e-01
2.08000000e-02	2.47137402e-01
2.10000000e-02	3.07266311e-01
2.12000000e-02	3.66241379e-01
2.14000000e-02	4.23823468e-01
2.16000000e-02	4.79778874e-01
2.18000000e-02	5.33880299e-01
2.20000000e-02	5.85907806e-01
2.22000000e-02	6.35649732e-01
2.24000000e-02	6.82903580e-01
2.26000000e-02	7.27476861e-01
2.28000000e-02	7.69187905e-01
2.30000000e-02	8.07866621e-01
2.32000000e-02	8.43355210e-01
2.34000000e-02	8.75508827e-01
2.36000000e-02	9.04196191e-01
2.38000000e-02	9.29300134e-01
2.40000000e-02	9.50718096e-01
2.42000000e-02	9.68362555e-01
2.44000000e-02	9.82161392e-01
2.46000000e-02	9.92058201e-01
2.48000000e-02	9.98012519e-01
2.50000000e-02	1.00000000e+00
2.52000000e-02	9.98012519e-01
2.54000000e-02	9.92058201e-01
2.56000000e-02	9.82161392e-01
2.58000000e-02	9.68362555e-01
2.60000000e-02	9.50718096e-01
2.62000000e-02	9.29300134e-01
2.64000000e-02	9.04196191e-01
2.66000000e-02	8.75508827e-01
2.68000000e-02	8.43355210e-01
2.70000000e-02	8.07866621e-01
2.72000000e-02	7.69187905e-01
2.74000000e-02	7.27476861e-01
2.76000000e-02	6.82903580e-01
2.78000000e-02	6.35649732e-01
2.80000000e-02	5.85907806e-01
2.82000000e-02	5.33880299e-01
2.84000000e-02	4.79778874e-01
2.86000000e-02	4.23823468e-01
2.88000000e-02	3.66241379e-01
2.90000000e-02	3.07266311e-01
2.92000000e-02	2.47137402e-01
2.94000000e-02	1.86098227e-01
2.96000000e-02	1.24395781e-01
2.98000000e-02	6.22794562e-02
3.00000000e-02	3.64151466e-16
3.02000000e-02	-6.21915200e-02
3.04000000e-02	-1.24044758e-01
3.06000000e-02	-1.85311127e-01
3.08000000e-02	-2.45744821e-01
3.10000000e-02	-3.05103833e-01
3.12000000e-02	-3.63150944e-01
3.14000000e-02	-4.19654703e-01
3.16000000e-02	-4.74390369e-01
3.18000000e-02	-5.27140829e-01
3.20000000e-02	-5.77697485e-01
3.22000000e-02	-6.25861095e-01
3.24000000e-02	-6.71442581e-01
3.26000000e-02	-7.14263788e-01
3.28000000e-02	-7.54158196e-01
3.30000000e-02	-7.90971585e-01
3.32000000e-02	-8.24562642e-01
3.34000000e-02	-8.54803516e-01
3.36000000e-02	-8.81580313e-01
3.38000000e-02	-9.04793533e-01
3.40000000e-02	-9.24358445e-01
3.42000000e-02	-9.40205396e-01
3.44000000e-02	-9.52280064e-01
3.46000000e-02	-9.60543637e-01
3.48000000e-02	-9.64972930e-01
3.50000000e-02	-9.65560442e-01
3.52000000e-02	-9.62314335e-01
3.54000000e-02	-9.55258362e-01
3.56000000e-02	-9.44431716e-01
3.58000000e-02	-9.29888825e-01
3.60000000e-02	-9.11699080e-01
3.62000000e-02	-8.89946502e-01
3.64000000e-02	-8.64729348e-01
3.66000000e-02	-8.36159661e-01
3.68000000e-02	-8.04362761e-01
3.70000000e-02	-7.69476685e-01
3.72000000e-02	-7.31651577e-01
3.74000000e-02	-6.91049023e-01
3.76000000e-02	-6.47841350e-01
3.78000000e-02	-6.02210874e-01
3.80000000e-02	-5.54349119e-01
3.82000000e-02	-5.04455989e-01
3.84000000e-02	-4.52738918e-01
3.86000000e-02	-3.99411990e-01
3.88000000e-02	-3.44695028e-01
3.90000000e-02	-2.88812672e-01
3.92000000e-02	-2.31993439e-01
3.94000000e-02	-1.74468763e-01
3.96000000e-02	-1.16472037e-01
3.98000000e-02	-5.82376457e-02
4.00000000e-02	-1.44673043e-15
4.02000000e-02	4.00051212e-02
4.04000000e-02	7.96917563e-02
4.06000000e-02	1.18902144e-01
4.08000000e-02	1.57481115e-01
4.10000000e-02	1.95276712e-01
4.12000000e-02	2.32140803e-01
4.14000000e-02	2.67929670e-01
4.16000000e-02	3.02504571e-01
4.18000000e-02	3.35732294e-01
4.20000000e-02	3.67485668e-01
4.22000000e-02	3.97644062e-01
4.24000000e-02	4.26093838e-01
4.26000000e-02	4.52728792e-01
4.28000000e-02	4.77450543e-01
4.30000000e-02	5.00168900e-01
4.32000000e-02	5.20802192e-01
4.34000000e-02	5.39277554e-01
4.36000000e-02	5.55531181e-01
4.38000000e-02	5.69508544e-01
4.40000000e-02	5.81164563e-01
4.42000000e-02	5.90463743e-01
4.44000000e-02	5.97380264e-01
4.46000000e-02	6.01898042e-01
4.48000000e-02	6.04010737e-01
4.50000000e-02	6.03721729e-01
4.52000000e-02	6.01044050e-01
4.54000000e-02	5.96000281e-01
4.56000000e-02	5.88622406e-01
4.58000000e-02	5.78951630e-01
4.60000000e-02	5.67038161e-01
4.62000000e-02	5.52940956e-01
4.64000000e-02	5.36727432e-01
4.66000000e-02	5.18473145e-01
4.68000000e-02	4.98261437e-01
4.70000000e-02	4.76183053e-01
4.72000000e-02	4.52335733e-01
4.74000000e-02	4.26823772e-01
4.76000000e-02	3.99757566e-01
4.78000000e-02	3.71253123e-01
4.80000000e-02	3.41431565e-01
4.82000000e-02	3.10418609e-01
4.84000000e-02	2.78344031e-01
4.86000000e-02	2.45341119e-01
4.88000000e-02	2.11546114e-01
4.90000000e-02	1.77097642e-01
4.92000000e-02	1.42136146e-01
4.94000000e-02	1.06803307e-01
4.96000000e-02	7.12414661e-02
4.98000000e-02	3.55930502e-02
5.00000000e-02	3.46140983e-16
5.02000000e-02	-3.53967967e-02
5.04000000e-02	-7.04580631e-02
5.06000000e-02	-1.05046681e-01
5.08000000e-02	-1.39028226e-01
5.10000000e-02	-1.72271487e-01
5.12000000e-02	-2.04648971e-01
5.14000000e-02	-2.36037390e-01
5.16000000e-02	-2.66318121e-01
5.18000000e-02	-2.95377654e-01
5.20000000e-02	-3.23108008e-01
5.22000000e-02	-3.49407126e-01
5.24000000e-02	-3.74179241e-01
5.26000000e-02	-3.97335218e-01
5.28000000e-02	-4.18792863e-01
5.30000000e-02	-4.38477200e-01
5.32000000e-02	-4.56320728e-01
5.34000000e-02	-4.72263632e-01
5.36000000e-02	-4.86253972e-01
5.38000000e-02	-4.98247835e-01
5.40000000e-02	-5.08209455e-01
5.42000000e-02	-5.16111300e-01
5.44000000e-02	-5.21934124e-01
5.46000000e-02	-5.25666990e-01
5.48000000e-02	-5.27307254e-01
5.50000000e-02	-5.26860521e-01
5.52000000e-02	-5.24340567e-01
5.54000000e-02	-5.19769229e-01
5.56000000e-02	-5.13176266e-01
5.58000000e-02	-5.04599187e-01
5.60000000e-02	-4.94083053e-01
5.62000000e-02	-4.81680248e-01
5.64000000e-02	-4.67450224e-01
5.66000000e-02	-4.51459224e-01
5.68000000e-02	-4.33779973e-01
5.70000000e-02	-4.14491353e-01
5.72000000e-02	-3.93678053e-01
5.74000000e-02	-3.71430199e-01
5.76000000e-02	-3.47842969e-01
5.78000000e-02	-3.23016187e-01
5.80000000e-02	-2.97053905e-01
5.82000000e-02	-2.70063970e-01
5.84000000e-02	-2.42157582e-01
5.86000000e-02	-2.13448840e-01
5.88000000e-02	-1.84054282e-01
5.90000000e-02	-1.54092417e-01
5.92000000e-02	-1.23683257e-01
5.94000000e-02	-9.29478439e-02
5.96000000e-02	-6.20077729e-02
5.98000000e-02	-3.09847257e-02
